75 27 71 56
70 33 60 55
16 17 12 34
92 69 76 61
82 43 56 53
56 19 43 24
75 45 81 36
17 24 80 16
67 79 93 66
77 47 41 58
37 75 32 80
38 26 37 20
45 81 82 93
68 24 15 46
57 29 17 30
33 26 34 49
36 30 44 67
23 28 42 77
69 52 66 10
84 70 22 36
94 62 74 98
36 66 85 38
53 60 69 85
50 80 63 12
40 39 30 24
64 23 21 83
11 14 68 51
80 47 57 15
23 93 40 62
44 39 73 39
49 45 28 32
25 28 90 47
73 74 14 15
49 33 20 11
72 91 17 51
93 26 95 68
34 57 36 23
97 87 35 83
17 96 15 28
46 19 42 54
72 58 29 45
10 18 59 32
10 15 45 74
90 27 51 20
58 51 19 81
88 25 95 35
82 22 61 73
75 31 22 61
33 20 97 35
84 94 21 37
48 88 78 88
43 78 76 65
38 32 96 98
16 71 42 65
29 91 21 92
70 41 44 48
46 95 60 22
23 82 72 66
99 25 86 31
31 89 97 19
27 27 14 78
13 76 90 94
20 41 99 13
48 87 79 64
64 50 54 53
50 34 48 39
31 84 41 29
67 62 30 85
25 49 87 42
30 68 35 85
71 77 83 65
46 43 55 21
13 95 39 44
38 81 84 74
57 19 18 26
12 27 63 40
73 78 11 32
59 16 47 50
86 72 52 69
40 97 13 60
37 29 18 12
96 40 34 56
10 61 42 58
98 62 28 14
26 83 71 77
52 13 64 41
21 18 98 43
89 89 22 70
46 55 92 88
63 87 55 59
44 89 31 37
67 91 59 63
33 52 79 94
92 25 16 14
86 86 99 76
11 35 99 91
24 11 96 65
12 18 54 79
53 90 54 38
