1003 5214 1001 1004
1003 1004 1008 1006
1008 1004 8721 1004
1000 1001 1006 1002
1008 1007 1005 4189
1004 1002 1002 4179
1004 1008 1000 1007
1004 1000 1002 1004
1004 1003 1002 1000
1001 1008 1000 1008
1003 1009 1003 1009
1003 1008 1001 1006
1009 1008 1003 1002
1001 1006 1003 1000
1002 4048 5538 1002
1006 1007 1005 1004
1003 5753 1006 1004
1002 1005 1007 1003
1003 8289 7511 1005
1005 1008 1002 1006
1005 1006 1004 1000
1005 1005 1002 1001
1001 1008 1007 1008
1004 1005 1005 1007
1009 1003 1005 1007
4919 1009 1005 1006
1002 1000 1004 1004
1001 1008 1005 1003
1000 1003 1003 2603
6278 1000 1003 1002
1003 1000 1000 1005
1005 1009 1005 1002
1005 1007 1009 1008
1004 1007 1003 1008
1000 1004 1006 1006
1006 1000 1004 7711
1006 1008 1000 1009
1006 1006 1007 1002
1007 1008 1002 3768
1001 1001 1002 3805
1000 1006 2199 1009
1004 1006 3974 1003
1005 7822 1001 1002
1008 1005 1001 1000
1008 9447 1007 1009
1001 1009 1007 1005
1003 1004 1002 1003
1007 1001 1008 1008
1008 7382 1000 1006
1000 1004 1003 1006
