3379
1575
1363
3131
7307
5116
9831
1554
4455
8230
5160
2481
2796
2443
8819
6739
3654
6326
5142
8999
2065
6485
3926
2185
4279
9985
6414
6471
8207
7330
1591
7505
7225
1132
9637
5269
4225
2237
1545
5565
4089
3146
2020
1158
6395
8257
8029
1326
2476
2315
2100
9633
1820
4633
4802
7655
8226
8310
2636
2194
6762
1093
3862
4656
9074
8364
4172
7376
4921
1498
5053
4434
4914
8016
1189
4492
6682
8713
2022
6349
9404
8302
4472
2582
3004
2768
8898
6531
3389
8896
5106
4377
9607
8162
5297
5374
5889
7018
9800
6779
8563
9582
1229
7286
5635
6194
4449
4843
1391
1732
9094
2442
9813
5788
8320
9876
3469
4378
5723
5900
3707
5121
8205
8424
3946
7422
3600
3053
7719
9830
9706
5253
2796
9950
1019
9914
3387
9534
9304
5090
3782
3067
1809
3598
4071
9139
2294
3978
6980
1463
5164
2386
4091
8933
2414
1660
5067
4386
7176
3855
2315
4563
3983
8517
5650
4944
5385
8008
4859
9350
9140
5218
3019
3534
4938
1970
5934
9026
1777
3916
5710
9608
6791
2546
9592
3866
6901
8173
6281
9319
1262
9284
3026
9484
6611
8714
1111
3256
3611
8211
