27171704
27544310
27522421
27007710
27413675
27980327
27202727
27279739
27400101
27604012
27979739
27984745
27391844
27301231
27820018
27363905
27734759
27652449
27176718
27562409
27894235
27484697
27346306
27598029
27798180
27099807
27844358
27813375
27763583
27513603
27906955
27923693
27833210
27290740
27551623
27350226
27394795
27823546
27030290
27637432
27803427
27981266
27834852
27055122
27099861
27563344
27027351
27480983
27589261
27827209
27141754
27877281
27158829
27461976
27218267
27034479
27171213
27243891
27151848
27186907
27951992
27673844
27401170
27085944
27965320
27127269
27680032
27417595
27348431
27898279
27922814
27720895
27376535
27533297
27565001
27263476
27581289
27711905
27528981
27509471
27110033
27151121
27157754
27382425
27705028
27113994
27412069
27851481
27846652
27955111
27837890
27140398
27608203
27249887
27043205
27484452
27269050
27439302
27423872
27044928
27792975
27985057
27213580
27446136
27960804
27569510
27897357
27810412
27344790
27021587
27236214
27206151
27945342
27682195
27045103
27161729
27978872
27366599
27851784
27145614
27265004
27398865
27676879
27194114
27977087
27873735
27076130
27705825
27215708
27980568
27119759
27310807
27330637
27003156
27783113
27696609
27661423
27611210
27402647
27330020
27877315
27838961
27668857
27832649
27670094
27114388
27597123
27011916
27943572
27859754
27974196
27730075
27128367
27293505
27527073
27694485
27133745
27949683
27937089
27001918
27499414
27435316
27315620
27082714
27229346
27447659
27525951
27935646
27583664
27326761
27923875
27066290
27576715
27504573
27836032
27216199
27531535
27483426
27157198
27129134
27425058
27994257
27116798
27550076
27262587
27541321
27925531
27212380
27718446
27653929
27570955
27426666
27007475
27511492
27310446
27853197
27110045
27360064
27630559
27207661
27696637
27418460
27465706
27669398
27187791
27529439
27721727
27510442
27369058
27401870
27894616
27322361
27020747
27353462
27345268
27139112
27399131
27501147
27799266
27969627
27682709
27440156
27945345
27073645
27491953
27711947
27318689
27176405
27762298
27098626
27508549
27257123
27280374
27885854
27668288
27363042
27384120
27923797
27981568
27162186
27705509
27682115
27822440
27485132
27641073
27935621
27273872
27040636
27513174
27439332
27831476
27642132
27520531
27169958
27511344
27795675
27873660
27903974
27961000
27971309
27110628
27470713
27676815
27849683
27847106
27836401
27549290
27158034
27083989
27449087
27314730
27230901
27255165
27112873
27660824
27608543
27713766
27696413
27766212
27747602
27702416
27266164
27517747
27814172
27439130
27417055
27218506
27400291
27984522
27615803
27611407
27493906
27683365
27326590
27384165
27950253
27936884
27543120
27749735
27133678
27919351
27063299
27517298
27902160
27606655
27223808
27081773
27471438
27066989
27015833
27340033
27123622
27301683
27719753
27804269
27929184
27471129
27689552
27607779
27667191
27003169
27868447
27446938
27574166
27560813
27206005
27511390
27904207
27999822
27098147
27402469
27360045
27894163
27903819
27288858
27260562
27067532
27119012
27802402
27766745
27819792
27421728
27256836
27644183
27686598
27777002
27878128
27265644
27794373
27765401
27753962
27304345
27299843
27573399
27983289
27475667
27103596
27006610
27848753
27847346
27259561
27541484
27201527
27334387
27691424
27078129
27605305
27591936
27308319
27208721
27786608
27026527
27819863
27088334
27513695
27996730
27734157
27134208
27987551
27636929
27482664
27776214
27330268
27254775
27322209
27257914
27887115
27416680
27870895
27790755
27620478
27692870
27905219
27893730
27330629
27716161
27083853
27425972
27912926
27253191
27068520
27453237
27869464
27333746
27804768
27304199
27531506
27358896
27112702
27621065
27929097
27758541
27189134
27731683
27550294
27428099
27667670
27087492
27247980
27073608
27018326
27258605
27905892
27662670
27601969
27895594
27673620
27966983
27385898
27720132
27141680
27641199
27565418
27689395
27092817
27745456
27465847
27231043
27721559
27044278
27824461
27685484
27598372
27632122
27354826
27637249
27081695
27999541
27032084
27202692
27985407
27850959
27739436
27689086
27581603
27165776
27058781
27903226
27171744
27506469
27983220
27869606
27474007
27255935
27423258
27271027
27230186
27203516
27904098
27411231
27069886
27789912
27813449
27265768
27193228
27047846
27459517
27137439
27940016
27968185
27416832
27336725
27050037
27806550
27136199
27963725
27784401
27678355
27735658
27104802
27454511
27035714
27193684
27530594
27211262
27041219
27569503
27264901
27027393
27907831
